INFO: 2024-06-18 21:34:32,367: Data
INFO: 2024-06-18 21:34:36,031: Data shape (110527, 14)
INFO: 2024-06-18 21:34:38,628: Percentage of women: 0.653882342398853
INFO: 2024-06-18 21:34:42,030: Percentage of men: 0.346117657601147
ERROR: 2024-06-18 21:35:33,790: Data shape is incorrect!
